HBL,42.05,390.80,390.80,358.90,358.90,360.17,"1,710.00",398.75,"615,894.00",45,-39.85,31.9,-9.99,8.89,-0.35,554.82,560.14,390.80,358.90,06_06_2022
HBL,23.01,351.80,351.80,323.10,323.10,325.29,"3,809.00",358.90,"1,239,026.90",74,-35.8,28.7,-9.97,8.88,-0.68,552.54,558.94,390.80,323.10,06_07_2022
HBL,23.19,316.70,324.00,290.80,320.00,304.54,"68,657.00",323.10,"20,908,694.70",598,-3.1,33.20,-0.96,11.42,4.83,550.22,557.66,390.80,290.80,06_08_2022
HBL,35.2,320.00,330.00,313.60,316.00,321.04,"24,390.00",320.00,"7,830,162.70",254,-4.0,16.4,-1.25,5.23,-1.59,547.93,556.37,390.80,290.80,06_09_2022
HBL,30.57,311.10,318.00,311.00,316.50,314.42,"10,122.00",316.00,"3,182,521.50",119,0.5,7.0,0.16,2.25,0.66,545.59,555.06,390.80,290.80,06_10_2022
HBL,32.8,311.10,318.00,311.00,316.50,314.42,"10,122.00",316.00,"3,182,521.50",119,0.5,7.0,0.16,2.25,0.66,545.59,555.06,390.80,290.80,06_11_2022
HBL,32.8,311.10,318.00,311.00,316.50,314.42,"10,122.00",316.00,"3,182,521.50",119,0.5,7.0,0.16,2.25,0.66,545.59,555.06,390.80,290.80,06_12_2022
HBL,32.52,315.10,315.10,303.00,304.00,307.59,"15,214.00",316.50,"4,679,701.20",185,-12.5,12.1,-3.95,3.99,-1.18,542.96,553.68,390.80,290.80,06_13_2022
HBL,37.69,310.00,505.00,297.00,303.00,326.58,"21,356.00",304.00,"6,974,339.00",146,-1.0,208.0,-0.33,70.03,-7.78,539.83,552.20,505.00,290.80,06_14_2022
HBL,37.01,298.00,302.60,294.00,302.60,297.29,"11,490.00",303.00,"3,415,888.40",102,-0.4,8.60,-0.13,2.93,1.75,536.28,550.73,505.00,290.80,06_15_2022
HBL,36.04,300.00,303.00,295.00,300.00,299.20,"12,957.00",302.60,"3,876,714.80",122,-2.6,8.0,-0.86,2.71,0.27,532.82,549.26,505.00,290.80,06_16_2022
HBL,37.33,300.00,304.00,298.00,300.00,299.45,"5,355.00",300.00,"1,603,538.30",42,0.0,6.0,0.0,2.01,0.18,529.40,547.77,505.00,290.80,06_17_2022
HBL,34.1,300.00,304.00,298.00,300.00,299.45,"5,355.00",300.00,"1,603,538.30",42,0.0,6.0,0.0,2.01,0.18,529.40,547.77,505.00,290.80,06_18_2022
HBL,33.6,300.00,304.80,295.10,300.00,299.91,"9,304.00",300.00,"2,790,352.10",103,0.0,9.70,0.0,3.29,0.03,526.08,546.26,505.00,290.80,06_19_2022
HBL,34.93,300.00,300.00,294.00,296.10,295.81,"9,292.00",300.00,"2,748,653.10",103,-3.9,6.00,-1.3,2.04,0.1,523.05,544.77,505.00,290.80,06_20_2022
HBL,34.92,296.00,305.00,296.00,303.00,300.05,"7,650.00",296.10,"2,295,391.00",66,6.9,9.00,2.33,3.04,0.97,520.04,543.30,505.00,290.80,06_21_2022
HBL,36.78,303.00,303.00,293.00,299.50,295.71,"14,215.00",303.00,"4,203,483.90",99,-3.5,10.0,-1.16,3.41,1.27,517.04,541.88,505.00,290.80,06_22_2022
HBL,37.75,296.00,374.62,295.00,296.20,311.82,"10,130.00",299.50,"3,158,747.56",76,-3.3,79.62,-1.1,26.99,-5.27,514.11,540.45,505.00,290.80,06_23_2022
HBL,50.42,310.00,315.00,302.00,308.00,306.14,"10,821.00",314.00,"3,312,731.10",119,-6.0,13.0,-1.91,4.3,0.6,485.83,526.16,505.00,290.80,07_05_2022
HBL,46.58,305.00,305.00,296.10,302.00,301.60,"19,138.00",308.00,"5,772,031.80",124,-6.0,8.9,-1.95,3.01,0.13,483.05,524.68,505.00,290.80,07_06_2022
HBL,34.09,300.00,301.50,296.50,301.50,299.90,"9,089.00",302.00,"2,725,789.90",92,-0.5,5.0,-0.17,1.69,0.53,480.28,523.21,505.00,290.80,07_07_2022
HBL,32.31,301.00,304.90,298.10,301.90,300.89,"3,800.00",301.50,"1,143,395.20",64,0.4,6.8,0.13,2.28,0.33,477.47,521.73,505.00,290.80,07_08_2022
HBL,29.39,301.00,304.90,298.10,301.90,300.89,"3,800.00",301.50,"1,143,395.20",64,0.4,6.8,0.13,2.28,0.33,477.47,521.73,505.00,290.80,07_09_2022
HBL,29.39,301.00,304.90,298.10,301.90,300.89,"3,800.00",301.50,"1,143,395.20",64,0.4,6.8,0.13,2.28,0.33,477.47,521.73,505.00,290.80,07_10_2022
HBL,27.18,302.00,302.00,292.50,293.00,295.20,"16,701.00",301.90,"4,930,101.70",137,-8.9,9.5,-2.95,3.25,-0.75,475.37,520.22,505.00,290.80,07_11_2022
HBL,34.14,290.00,302.80,290.00,299.90,296.27,"5,629.00",293.00,"1,667,723.90",59,6.9,12.8,2.35,4.41,1.21,473.29,518.77,505.00,290.00,07_12_2022
HBL,27.58,300.00,302.00,294.50,296.00,296.13,"12,714.00",299.90,"3,764,947.20",140,-3.9,7.5,-1.3,2.55,-0.04,471.11,517.33,505.00,290.00,07_13_2022
HBL,-,300.00,304.50,298.00,300.00,299.25,"5,047.00",296.00,"1,510,308.30",68,4.0,6.50,1.35,2.18,0.25,468.82,515.86,505.00,290.00,07_14_2022
HBL,30.48,301.00,301.00,297.00,299.20,299.12,"2,225.00",300.00,"665,548.60",32,-0.8,4.0,-0.27,1.35,0.03,466.54,514.36,505.00,290.00,07_15_2022
HBL,43.82,301.00,301.00,297.00,299.20,299.12,"2,225.00",300.00,"665,548.60",32,-0.8,4.0,-0.27,1.35,0.03,466.54,514.36,505.00,290.00,07_16_2022
HBL,41.05,301.00,305.00,298.00,305.00,302.41,"9,368.00",299.20,"2,832,982.30",54,5.8,7.0,1.94,2.35,0.85,464.37,512.88,505.00,290.00,07_17_2022
HBL,45.71,310.00,311.00,301.20,308.00,305.09,"8,542.00",305.00,"2,606,044.20",79,3.00,9.8,0.98,3.25,0.95,462.25,511.39,505.00,290.00,07_18_2022
HBL,45.15,308.00,310.00,305.00,308.00,306.10,"8,560.00",308.00,"2,620,233.20",86,0.0,5.0,0.0,1.64,0.62,460.14,509.90,505.00,290.00,07_19_2022
HBL,45.73,306.00,306.00,304.00,305.50,304.81,"8,028.00",308.00,"2,447,003.30",53,-2.5,2.0,-0.81,0.66,0.23,457.96,508.46,505.00,290.00,07_20_2022
HBL,48.23,305.00,310.00,302.00,305.00,304.02,"4,773.00",305.50,"1,451,078.20",72,-0.5,8.0,-0.16,2.65,0.32,455.73,507.04,505.00,290.00,07_21_2022
HBL,33.67,300.10,306.00,300.00,304.10,304.35,"1,605.00",305.00,"488,482.50",25,-0.9,6.0,-0.3,2.0,-0.08,453.47,505.61,505.00,290.00,07_22_2022
HBL,26.67,300.10,306.00,300.00,304.10,304.35,"1,605.00",305.00,"488,482.50",25,-0.9,6.0,-0.3,2.0,-0.08,453.47,505.61,505.00,290.00,07_23_2022
HBL,23.87,309.00,312.00,300.30,306.00,305.44,"5,935.00",304.10,"1,812,769.00",92,1.9,11.7,0.62,3.9,0.18,451.22,504.21,505.00,290.00,07_24_2022
HBL,29.48,308.00,310.00,304.00,306.00,306.86,"9,217.00",306.00,"2,828,307.20",104,0.0,6.0,0.0,1.97,-0.28,448.98,502.82,505.00,290.00,07_25_2022
HBL,44.7,305.10,308.50,304.00,305.70,306.21,"6,396.00",306.00,"1,958,535.00",49,-0.3,4.5,-0.1,1.48,-0.17,446.75,501.40,505.00,290.00,07_26_2022
HBL,46.51,308.00,308.00,303.00,306.00,305.03,"4,904.00",305.70,"1,495,889.00",48,0.3,5.0,0.1,1.65,0.32,444.57,500.00,505.00,290.00,07_27_2022
HBL,50.38,300.00,307.00,300.00,305.00,304.81,"8,228.00",306.00,"2,507,955.60",78,-1.0,7.00,-0.33,2.33,0.06,442.42,498.58,505.00,290.00,07_28_2022
HBL,45.69,305.00,309.20,305.00,306.00,305.62,"2,845.00",305.00,"869,496.10",43,1.0,4.20,0.33,1.38,0.12,440.28,497.12,505.00,290.00,07_29_2022
HBL,42.17,305.00,309.20,305.00,306.00,305.62,"2,845.00",305.00,"869,496.10",43,1.0,4.20,0.33,1.38,0.12,440.28,497.12,505.00,290.00,07_30_2022
HBL,39.75,306.00,312.00,305.10,312.00,308.52,"10,935.00",306.00,"3,373,626.10",123,6.0,6.9,1.96,2.26,1.12,438.17,495.62,505.00,290.00,07_31_2022
HBL,50.18,318.10,328.70,313.00,327.00,326.60,"15,090.00",312.00,"4,928,390.80",189,15.0,15.7,4.81,5.02,0.12,436.22,494.17,505.00,290.00,08_01_2022
HBL,58.91,330.00,335.00,329.00,332.00,332.70,"10,969.00",327.00,"3,649,393.10",133,5.0,6.0,1.53,1.82,-0.21,434.32,492.60,505.00,290.00,08_02_2022
HBL,56.49,338.00,365.10,338.00,353.00,349.28,"25,525.00",332.00,"8,915,440.80",258,21.0,27.1,6.33,8.02,1.05,432.59,491.15,505.00,290.00,08_03_2022
HBL,60.19,358.00,358.00,344.50,347.00,346.35,"16,404.00",353.00,"5,681,602.60",122,-6.0,13.5,-1.7,3.92,0.19,430.92,489.70,505.00,290.00,08_04_2022
HBL,56.62,342.00,344.00,335.00,340.00,339.71,"7,872.00",347.00,"2,674,166.00",65,-7.0,9.0,-2.02,2.69,0.09,429.29,488.26,505.00,290.00,08_05_2022
HBL,44.58,342.00,344.00,335.00,340.00,339.71,"7,872.00",347.00,"2,674,166.00",65,-7.0,9.0,-2.02,2.69,0.09,429.29,488.26,505.00,290.00,08_06_2022
HBL,41.31,346.80,347.00,339.00,342.00,341.61,"5,293.00",340.00,"1,808,165.90",59,2.0,8.0,0.59,2.36,0.11,427.66,486.87,505.00,290.00,08_07_2022
HBL,40.95,348.00,348.00,336.10,336.10,341.56,"6,107.00",342.00,"2,085,906.00",84,-5.90,11.90,-1.73,3.54,-1.62,425.97,485.46,505.00,290.00,08_08_2022
HBL,35.74,337.00,337.00,326.00,326.00,330.46,"10,571.00",336.10,"3,493,297.00",85,-10.1,11.0,-3.01,3.37,-1.37,424.20,484.03,505.00,290.00,08_09_2022
HBL,35.28,323.00,333.50,322.10,330.00,329.00,"5,530.00",326.00,"1,819,379.80",73,4.0,11.40,1.23,3.54,0.3,422.47,482.61,505.00,290.00,08_10_2022
HBL,30.74,325.00,331.00,320.00,323.00,325.25,"13,132.00",330.00,"4,271,226.80",175,-7.00,11.00,-2.12,3.44,-0.7,420.74,481.17,505.00,290.00,08_11_2022
HBL,33.68,325.00,331.00,320.00,323.00,325.25,"13,132.00",330.00,"4,271,226.80",175,-7.00,11.00,-2.12,3.44,-0.7,420.74,481.17,505.00,290.00,08_12_2022
HBL,33.68,325.00,331.00,320.00,323.00,325.25,"13,132.00",330.00,"4,271,226.80",175,-7.00,11.00,-2.12,3.44,-0.7,420.74,481.17,505.00,290.00,08_13_2022
HBL,30.21,323.00,323.00,313.60,313.60,317.94,"13,686.00",323.00,"4,351,261.90",151,-9.4,9.4,-2.91,3.0,-1.38,418.79,479.65,505.00,290.00,08_14_2022
HBL,31.05,313.00,318.00,308.00,315.50,313.97,"13,038.00",313.60,"4,093,495.40",118,1.9,10.0,0.61,3.25,0.49,416.78,478.14,505.00,290.00,08_15_2022
HBL,35.49,316.00,325.00,315.00,321.50,321.80,"11,487.00",315.50,"3,696,545.40",172,6.00,10.00,1.9,3.17,-0.09,414.84,476.60,505.00,290.00,08_16_2022
HBL,30.32,326.00,326.00,319.50,321.00,321.10,"8,356.00",321.50,"2,683,088.30",79,-0.5,6.5,-0.16,2.03,-0.03,412.85,475.13,505.00,290.00,08_17_2022
HBL,29.53,327.00,327.00,322.30,323.10,324.10,"5,060.00",321.00,"1,639,924.80",69,2.1,4.7,0.65,1.46,-0.31,411.00,473.60,505.00,290.00,08_18_2022
HBL,40.51,327.00,327.00,322.30,323.10,324.10,"5,060.00",321.00,"1,639,924.80",69,2.1,4.7,0.65,1.46,-0.31,411.00,473.60,505.00,290.00,08_19_2022
HBL,40.51,327.00,327.00,322.30,323.10,324.10,"5,060.00",321.00,"1,639,924.80",69,2.1,4.7,0.65,1.46,-0.31,411.00,473.60,505.00,290.00,08_20_2022
HBL,40.51,329.00,330.00,324.20,327.00,327.16,"15,429.00",323.10,"5,047,737.20",131,3.9,5.8,1.21,1.79,-0.05,409.15,472.10,505.00,290.00,08_21_2022
HBL,-,321.00,327.00,321.00,322.80,323.87,"6,849.00",327.00,"2,218,162.00",92,-4.2,6.0,-1.28,1.87,-0.33,407.23,470.57,505.00,290.00,08_22_2022
HBL,34.52,328.00,335.00,325.30,333.00,331.49,"12,123.00",322.80,"4,018,603.70",108,10.2,9.7,3.16,2.98,0.45,405.40,469.14,505.00,290.00,08_23_2022
HBL,40.83,339.60,356.00,331.00,345.00,342.94,"19,050.00",333.00,"6,533,085.80",165,12.0,25.0,3.6,7.55,0.6,403.55,467.74,505.00,290.00,08_24_2022
HBL,45.84,349.00,352.00,345.00,345.10,347.18,"19,617.00",345.00,"6,810,686.20",129,0.1,7.0,0.03,2.03,-0.6,401.70,466.21,505.00,290.00,08_25_2022
HBL,46.3,342.00,342.00,331.10,334.10,336.11,"13,410.00",345.10,"4,507,288.90",74,-11.0,10.9,-3.19,3.29,-0.6,399.86,464.30,505.00,290.00,08_26_2022
HBL,46.71,342.00,342.00,331.10,334.10,336.11,"13,410.00",345.10,"4,507,288.90",74,-11.0,10.9,-3.19,3.29,-0.6,399.86,464.30,505.00,290.00,08_27_2022
HBL,46.71,338.90,338.90,327.50,328.10,331.49,"10,827.00",334.10,"3,589,043.20",93,-6.0,11.4,-1.8,3.48,-1.03,398.01,462.08,505.00,290.00,08_28_2022
HBL,28.23,325.00,331.50,325.00,331.40,327.77,"9,969.00",328.10,"3,267,568.40",70,3.3,6.5,1.01,2.0,1.09,396.16,459.94,505.00,290.00,08_29_2022
HBL,28.81,331.90,332.00,327.00,329.00,329.22,"4,660.00",331.40,"1,534,172.40",60,-2.4,5.0,-0.72,1.53,-0.07,394.37,457.82,505.00,290.00,08_30_2022
HBL,24.53,326.00,327.90,325.00,325.00,326.14,"2,746.00",329.00,"895,577.30",44,-4.0,2.9,-1.22,0.89,-0.35,392.62,455.75,505.00,290.00,08_31_2022
HBL,25.03,322.00,505.00,321.00,322.00,332.30,"10,589.00",325.00,"3,518,759.00",79,-3.0,184.0,-0.92,57.32,-3.2,390.80,453.87,505.00,290.00,09_01_2022
HBL,34.84,320.10,324.90,320.10,324.00,323.46,"1,725.00",322.00,"557,974.30",27,2.0,4.8,0.62,1.5,0.17,389.05,451.98,505.00,290.00,09_02_2022
HBL,21.73,320.10,324.90,320.10,324.00,323.46,"1,725.00",322.00,"557,974.30",27,2.0,4.8,0.62,1.5,0.17,389.05,451.98,505.00,290.00,09_03_2022
HBL,21.23,320.00,328.00,320.00,325.10,325.17,"3,215.00",324.00,"1,045,435.10",46,1.1,8.0,0.34,2.5,-0.02,387.40,450.12,505.00,290.00,09_04_2022
HBL,21.62,331.00,341.00,329.00,329.00,333.43,"5,422.00",325.10,"1,807,840.90",71,3.9,12.0,1.2,3.65,-1.35,385.74,448.35,505.00,290.00,09_05_2022
HBL,41.06,326.00,330.00,324.00,329.80,327.12,"8,237.00",329.00,"2,694,522.10",47,0.8,6.0,0.24,1.85,0.81,384.08,446.56,505.00,290.00,09_06_2022
HBL,42.44,330.00,333.00,325.50,327.10,327.47,"10,355.00",329.80,"3,390,940.50",51,-2.7,7.5,-0.82,2.3,-0.11,382.40,444.68,505.00,290.00,09_07_2022
HBL,33.72,324.00,330.00,323.00,327.00,326.12,"2,383.00",327.10,"777,144.60",41,-0.1,7.0,-0.03,2.17,0.27,380.75,442.81,505.00,290.00,09_08_2022
HBL,28.24,324.00,330.00,323.00,327.00,326.12,"2,383.00",327.10,"777,144.60",41,-0.1,7.0,-0.03,2.17,0.27,380.75,442.81,505.00,290.00,09_09_2022
HBL,28.24,324.00,330.00,323.00,327.00,326.12,"2,383.00",327.10,"777,144.60",41,-0.1,7.0,-0.03,2.17,0.27,380.75,442.81,505.00,290.00,09_10_2022
HBL,27.62,330.00,330.90,324.00,325.00,326.69,"8,532.00",327.00,"2,787,303.90",83,-2.0,6.9,-0.61,2.13,-0.52,379.23,440.97,505.00,290.00,09_11_2022
HBL,25.75,331.40,331.40,320.50,320.50,322.02,"8,773.00",325.00,"2,825,107.60",53,-4.5,10.9,-1.38,3.4,-0.48,377.75,439.20,505.00,290.00,09_12_2022
HBL,25.5,326.50,326.90,321.00,322.00,323.91,"4,694.00",320.50,"1,520,443.60",68,1.5,5.9,0.47,1.84,-0.59,376.29,437.43,505.00,290.00,09_13_2022
HBL,23.35,327.00,330.00,326.00,329.00,327.63,"4,932.00",322.00,"1,615,877.70",49,7.0,4.0,2.17,1.23,0.42,374.88,435.83,505.00,290.00,09_14_2022
HBL,41.42,335.00,335.00,324.00,325.00,327.72,"5,274.00",329.00,"1,728,420.00",72,-4.0,11.0,-1.22,3.4,-0.84,373.39,434.14,505.00,290.00,09_15_2022
HBL,29.52,319.00,329.90,315.00,322.00,318.61,"2,885.00",325.00,"919,193.90",39,-3.0,14.9,-0.92,4.73,1.05,371.86,432.35,505.00,290.00,09_16_2022
HBL,38.03,319.00,329.90,315.00,322.00,318.61,"2,885.00",325.00,"919,193.90",39,-3.0,14.9,-0.92,4.73,1.05,371.86,432.35,505.00,290.00,09_17_2022
HBL,36.1,318.20,321.90,315.80,320.20,318.58,"4,311.00",322.00,"1,373,413.40",62,-1.8,6.1,-0.56,1.93,0.5,370.34,430.52,505.00,290.00,09_18_2022
HBL,32.94,318.20,321.90,315.80,320.20,318.58,"4,311.00",322.00,"1,373,413.40",62,-1.8,6.1,-0.56,1.93,0.5,370.34,430.52,505.00,290.00,09_19_2022
HBL,33.32,319.00,323.70,313.10,314.00,314.50,"8,991.00",320.20,"2,827,706.10",84,-6.2,10.6,-1.94,3.39,-0.16,368.82,428.74,505.00,290.00,09_20_2022
HBL,31.03,315.00,318.00,314.10,315.00,314.86,"4,518.00",314.00,"1,422,518.00",36,1.0,3.9,0.32,1.24,0.05,367.28,426.97,505.00,290.00,09_21_2022
HBL,29.39,319.00,321.00,312.10,313.00,315.35,"4,888.00",315.00,"1,541,446.00",53,-2.0,8.90,-0.63,2.85,-0.75,365.74,425.15,505.00,290.00,09_22_2022
HBL,50.34,331.90,331.90,319.00,329.70,325.71,"2,853.00",338.50,"929,257.70",49,-8.8,12.9,-2.6,4.04,1.21,320.50,374.45,505.00,290.00,12_07_2022
