CBLD88,0.0,"1,000.00","1,000.00","1,000.00","1,000.00","1,000.00",25.00,0.00,"25,000.00",1,"1,000.00",0.0,0.0,0.0,0.0,-,-,"1,000.00","1,000.00",07_18_2022
CBLD88,36.89,980.10,980.10,922.50,922.50,956.84,50.00,"1,000.00","47,842.00",5,-77.5,57.6,-7.75,6.24,-3.72,-,-,"1,000.00",922.50,07_19_2022
CBLD88,30.68,905.00,905.00,874.60,890.00,883.44,235.00,922.50,"207,609.50",16,-32.5,30.4,-3.52,3.48,0.74,-,-,"1,000.00",874.60,07_20_2022
CBLD88,34.79,873.00,880.20,873.00,880.20,878.35,100.00,890.00,"87,835.00",4,-9.8,7.2,-1.1,0.82,0.21,-,-,"1,000.00",873.00,07_21_2022
CBLD88,29.22,870.00,897.60,865.40,897.60,879.07,200.00,880.20,"175,814.50",9,17.4,32.2,1.98,3.72,2.06,-,-,"1,000.00",865.40,07_24_2022
CBLD88,33.82,879.90,885.00,877.00,878.00,879.98,125.00,897.60,"109,997.50",5,-19.6,8.0,-2.18,0.91,-0.23,-,-,"1,000.00",865.40,07_25_2022
CBLD88,41.43,895.50,899.90,882.00,882.00,892.47,75.00,878.00,"66,935.00",3,4.0,17.9,0.46,2.03,-1.19,-,-,"1,000.00",865.40,07_26_2022
CBLD88,42.15,869.60,878.00,869.60,878.00,873.80,50.00,882.00,"43,690.00",2,-4.0,8.4,-0.45,0.97,0.48,-,-,"1,000.00",865.40,07_27_2022
CBLD88,40.61,875.00,892.50,875.00,892.50,881.56,40.00,878.00,"35,262.50",2,14.5,17.5,1.65,2.0,1.23,-,-,"1,000.00",865.40,07_31_2022
CBLD88,41.89,886.00,886.00,884.00,884.00,885.00,50.00,892.50,"44,250.00",2,-8.5,2.0,-0.95,0.23,-0.11,-,-,"1,000.00",865.40,08_01_2022
CBLD88,49.31,870.00,881.00,870.00,881.00,872.70,150.00,884.00,"130,905.00",6,-3.0,11.0,-0.34,1.26,0.94,-,-,"1,000.00",865.40,08_02_2022
CBLD88,51.27,885.00,885.00,885.00,885.00,885.00,50.00,881.00,"44,250.00",2,4.0,0.0,0.45,0.0,0.0,-,-,"1,000.00",865.40,08_03_2022
CBLD88,48.55,885.00,885.00,884.10,884.10,884.55,20.00,885.00,"17,691.00",2,-0.9,0.9,-0.1,0.1,-0.05,-,-,"1,000.00",865.40,08_04_2022
CBLD88,38.23,880.00,880.00,876.10,876.10,878.23,55.00,884.10,"48,302.50",2,-8.0,3.9,-0.9,0.45,-0.24,-,-,"1,000.00",865.40,08_07_2022
CBLD88,45.1,877.10,890.00,877.10,890.00,883.55,50.00,876.10,"44,177.50",2,13.9,12.9,1.59,1.47,0.72,-,-,"1,000.00",865.40,08_09_2022
CBLD88,45.74,880.00,880.00,880.00,880.00,880.00,25.00,890.00,"22,000.00",2,-10.0,0.00,-1.12,0.0,0.0,-,-,"1,000.00",865.40,08_10_2022
CBLD88,39.81,880.20,881.00,880.20,881.00,880.56,55.00,880.00,"48,431.00",2,1.00,0.80,0.11,0.09,0.05,-,-,"1,000.00",865.40,08_11_2022
CBLD88,42.62,880.20,881.00,880.20,881.00,880.56,55.00,880.00,"48,431.00",2,1.00,0.80,0.11,0.09,0.05,-,-,"1,000.00",865.40,08_12_2022
CBLD88,42.62,880.20,881.00,880.20,881.00,880.56,55.00,880.00,"48,431.00",2,1.00,0.80,0.11,0.09,0.05,-,-,"1,000.00",865.40,08_13_2022
CBLD88,39.15,881.00,881.00,881.00,881.00,881.00,30.00,881.00,"26,430.00",1,0.0,0.0,0.0,0.0,0.0,-,-,"1,000.00",865.40,08_14_2022
CBLD88,42.69,895.00,895.00,881.30,881.30,888.15,50.00,881.00,"44,407.50",2,0.30,13.70,0.03,1.55,-0.78,-,-,"1,000.00",865.40,08_16_2022
CBLD88,39.06,866.00,883.30,866.00,883.30,874.65,50.00,881.30,"43,732.50",2,2.0,17.3,0.23,2.0,0.98,-,-,"1,000.00",865.40,08_17_2022
CBLD88,41.66,880.10,885.00,880.10,885.00,882.55,50.00,883.30,"44,127.50",2,1.7,4.9,0.19,0.56,0.28,-,-,"1,000.00",865.40,08_21_2022
CBLD88,-,868.60,892.70,868.60,892.70,875.40,50.00,885.00,"43,770.00",3,7.7,24.1,0.87,2.77,1.94,-,-,"1,000.00",865.40,08_22_2022
CBLD88,46.17,876.00,890.00,874.90,880.00,878.99,160.00,892.70,"140,638.50",7,-12.7,15.1,-1.42,1.73,0.11,-,-,"1,000.00",865.40,08_23_2022
CBLD88,41.54,870.00,870.00,866.00,868.30,867.69,95.00,880.00,"82,431.00",5,-11.7,4.0,-1.33,0.46,0.07,-,-,"1,000.00",865.40,08_24_2022
CBLD88,31.37,871.50,871.50,871.50,871.50,871.50,25.00,868.30,"21,787.50",1,3.2,0.0,0.37,0.0,0.0,-,-,"1,000.00",865.40,08_25_2022
CBLD88,29.97,870.10,870.10,870.00,870.00,870.09,235.00,871.50,"204,471.00",10,-1.5,0.1,-0.17,0.01,-0.01,-,-,"1,000.00",865.40,08_28_2022
CBLD88,33.10,870.60,871.20,870.60,871.20,870.97,75.00,870.00,"65,322.50",3,1.2,0.6,0.14,0.07,0.03,-,-,"1,000.00",865.40,08_30_2022
CBLD88,28.21,873.10,873.10,871.40,871.40,872.54,75.00,871.20,"65,440.50",4,0.2,1.7,0.02,0.2,-0.13,-,-,"1,000.00",865.40,08_31_2022
CBLD88,43.19,866.00,880.00,866.00,873.00,874.02,205.00,871.40,"179,175.00",7,1.6,14.0,0.18,1.62,-0.12,-,-,"1,000.00",865.40,09_04_2022
CBLD88,45.15,870.00,870.00,870.00,870.00,870.00,25.00,873.00,"21,750.00",1,-3.0,0.0,-0.34,0.0,0.0,-,-,"1,000.00",865.40,09_07_2022
CBLD88,36.95,870.00,870.00,870.00,870.00,870.00,25.00,870.00,"21,750.00",1,0.0,0.0,0.0,0.0,0.0,-,-,"1,000.00",865.40,09_11_2022
CBLD88,33.02,853.10,854.10,853.10,854.10,853.60,50.00,870.00,"42,680.00",2,-15.9,1.0,-1.83,0.12,0.06,-,-,"1,000.00",853.10,09_18_2022
CBLD88,25.9,853.10,854.10,853.10,854.10,853.60,50.00,870.00,"42,680.00",2,-15.9,1.0,-1.83,0.12,0.06,-,-,"1,000.00",853.10,09_19_2022
CBLD88,26.28,849.00,849.00,849.00,849.00,849.00,25.00,854.10,"21,225.00",1,-5.1,0.0,-0.6,0.0,0.0,-,-,"1,000.00",849.00,09_20_2022
CBLD88,25.04,843.20,847.40,843.20,847.40,844.60,75.00,849.00,"63,345.00",2,-1.6,4.20,-0.19,0.5,0.33,-,-,"1,000.00",843.20,09_22_2022
