HHL,0.0,228.00,250.80,228.00,250.80,247.87,780.00,228.00,"193,340.80",87,22.80,22.80,10.0,10.0,1.17,-,-,250.80,228.00,08_08_2022
HHL,44.42,255.80,275.80,255.80,275.80,275.43,"1,308.00",250.80,"360,256.40",131,25.0,20.0,9.97,7.82,0.14,-,-,275.80,228.00,08_09_2022
HHL,52.35,281.30,303.30,281.30,303.30,303.21,"6,250.00",275.80,"1,895,085.00",625,27.5,22.00,9.97,7.82,0.03,-,-,303.30,228.00,08_10_2022
HHL,52.45,309.30,333.60,309.30,333.60,332.51,"74,264.00",303.30,"24,693,767.40","3,911",30.30,24.30,9.99,7.86,0.33,-,-,333.60,228.00,08_11_2022
HHL,50.86,309.30,333.60,309.30,333.60,332.51,"74,264.00",303.30,"24,693,767.40","3,911",30.30,24.30,9.99,7.86,0.33,-,-,333.60,228.00,08_12_2022
HHL,50.86,309.30,333.60,309.30,333.60,332.51,"74,264.00",303.30,"24,693,767.40","3,911",30.30,24.30,9.99,7.86,0.33,-,-,333.60,228.00,08_13_2022
HHL,47.38,340.20,361.00,315.00,316.00,325.76,"56,104.00",333.60,"18,276,158.60","4,399",-17.6,46.0,-5.28,14.6,-3.09,-,-,361.00,228.00,08_14_2022
HHL,47.92,316.00,331.00,305.00,327.00,317.70,"24,430.00",316.00,"7,761,388.80","1,685",11.0,26.0,3.48,8.52,2.84,-,-,361.00,228.00,08_15_2022
HHL,47.59,333.00,335.00,314.00,317.10,322.80,"28,602.00",327.00,"9,232,691.00",959,-9.90,21.00,-3.03,6.69,-1.8,-,-,361.00,228.00,08_16_2022
HHL,37.15,315.00,327.00,310.70,325.90,321.83,"19,939.00",317.10,"6,416,941.90",996,8.8,16.3,2.78,5.25,1.25,-,-,361.00,228.00,08_17_2022
HHL,30.93,332.40,355.00,322.50,355.00,343.77,"62,134.00",325.90,"21,359,600.20","1,718",29.1,32.5,8.93,10.08,3.16,-,-,361.00,228.00,08_18_2022
HHL,43.3,332.40,355.00,322.50,355.00,343.77,"62,134.00",325.90,"21,359,600.20","1,718",29.1,32.5,8.93,10.08,3.16,-,-,361.00,228.00,08_19_2022
HHL,43.3,332.40,355.00,322.50,355.00,343.77,"62,134.00",325.90,"21,359,600.20","1,718",29.1,32.5,8.93,10.08,3.16,-,-,361.00,228.00,08_20_2022
HHL,43.3,362.00,362.10,336.00,337.00,343.74,"25,805.00",355.00,"8,870,087.20","1,159",-18.0,26.1,-5.07,7.77,-2.0,-,-,362.10,228.00,08_21_2022
HHL,-,334.70,343.70,328.30,335.00,331.64,"17,151.00",337.00,"5,687,991.50",859,-2.0,15.4,-0.59,4.69,1.0,-,-,362.10,228.00,08_22_2022
HHL,36.03,335.00,335.00,326.00,332.00,329.46,"13,919.00",335.00,"4,585,691.20",672,-3.0,9.0,-0.9,2.76,0.77,-,-,362.10,228.00,08_23_2022
HHL,31.38,332.00,339.00,321.00,335.00,330.84,"23,852.00",332.00,"7,891,223.10",807,3.0,18.0,0.9,5.61,1.24,-,-,362.10,228.00,08_24_2022
HHL,30.51,328.40,341.00,323.60,329.90,331.34,"15,796.00",335.00,"5,233,903.50",549,-5.1,17.4,-1.52,5.38,-0.44,-,-,362.10,228.00,08_25_2022
HHL,30.87,323.40,325.00,318.00,322.00,319.92,"8,989.00",329.90,"2,875,745.40",284,-7.9,7.0,-2.39,2.2,0.65,-,-,362.10,228.00,08_26_2022
HHL,26.81,323.40,325.00,318.00,322.00,319.92,"8,989.00",329.90,"2,875,745.40",284,-7.9,7.0,-2.39,2.2,0.65,-,-,362.10,228.00,08_27_2022
HHL,26.81,315.60,318.20,301.00,303.00,310.15,"24,587.00",322.00,"7,625,635.90",569,-19.0,17.2,-5.9,5.71,-2.36,-,-,362.10,228.00,08_28_2022
HHL,28.9,297.00,311.10,290.00,300.00,297.01,"14,061.00",303.00,"4,176,257.50",355,-3.0,21.1,-0.99,7.28,1.0,-,-,362.10,228.00,08_29_2022
HHL,24.85,302.00,309.50,296.20,296.20,300.22,"9,010.00",300.00,"2,704,967.30",266,-3.8,13.3,-1.27,4.49,-1.36,-,-,362.10,228.00,08_30_2022
HHL,23.19,292.00,297.00,283.00,284.20,287.70,"11,590.00",296.20,"3,334,470.40",325,-12.0,14.0,-4.05,4.95,-1.23,-,-,362.10,228.00,08_31_2022
HHL,24.47,280.00,298.00,273.10,288.40,277.64,"14,792.00",284.20,"4,106,820.30",330,4.2,24.9,1.48,9.12,3.73,-,-,362.10,228.00,09_01_2022
HHL,25.07,287.00,305.00,280.10,286.00,285.07,"3,700.00",288.40,"1,054,768.00",112,-2.4,24.9,-0.83,8.89,0.32,-,-,362.10,228.00,09_02_2022
HHL,19.36,287.00,305.00,280.10,286.00,285.07,"3,700.00",288.40,"1,054,768.00",112,-2.4,24.9,-0.83,8.89,0.32,-,-,362.10,228.00,09_03_2022
HHL,18.86,286.00,293.80,283.00,290.00,287.69,"4,220.00",286.00,"1,214,059.00",290,4.0,10.8,1.4,3.82,0.8,-,-,362.10,228.00,09_04_2022
HHL,20.09,285.00,294.00,281.00,288.00,287.91,"9,467.00",290.00,"2,725,676.40",274,-2.0,13.0,-0.69,4.63,0.03,-,-,362.10,228.00,09_05_2022
HHL,36.04,292.70,292.70,274.10,276.10,280.72,"13,184.00",288.00,"3,701,018.00",247,-11.9,18.6,-4.13,6.79,-1.67,-,-,362.10,228.00,09_06_2022
HHL,29.17,271.20,279.20,271.20,279.00,274.19,"7,840.00",276.10,"2,149,645.00",224,2.9,8.0,1.05,2.95,1.72,-,-,362.10,228.00,09_07_2022
HHL,26.94,284.00,286.00,270.00,285.90,279.66,"7,793.00",279.00,"2,179,379.00",207,6.9,16.0,2.47,5.93,2.18,-,-,362.10,228.00,09_08_2022
HHL,29.92,284.00,286.00,270.00,285.90,279.66,"7,793.00",279.00,"2,179,379.00",207,6.9,16.0,2.47,5.93,2.18,-,-,362.10,228.00,09_09_2022
HHL,29.92,284.00,286.00,270.00,285.90,279.66,"7,793.00",279.00,"2,179,379.00",207,6.9,16.0,2.47,5.93,2.18,-,-,362.10,228.00,09_10_2022
HHL,29.29,280.20,285.00,276.70,276.70,280.45,"5,596.00",285.90,"1,569,417.50",203,-9.2,8.3,-3.22,3.0,-1.36,-,-,362.10,228.00,09_11_2022
HHL,24.42,272.00,275.00,268.10,268.10,271.54,"5,763.00",276.70,"1,564,912.70",247,-8.6,6.9,-3.11,2.57,-1.28,-,-,362.10,228.00,09_12_2022
HHL,26.9,273.10,281.00,265.00,270.70,274.86,"4,920.00",268.10,"1,352,302.50",205,2.6,16.0,0.97,6.04,-1.54,-,-,362.10,228.00,09_13_2022
HHL,28.16,272.00,287.60,272.00,287.60,280.67,"11,922.00",270.70,"3,346,158.60",267,16.9,15.6,6.24,5.74,2.41,-,-,362.10,228.00,09_14_2022
HHL,37.0,287.60,290.00,267.20,268.10,274.04,"14,793.00",287.60,"4,053,898.90",228,-19.5,22.8,-6.78,8.53,-2.22,-,-,362.10,228.00,09_15_2022
HHL,34.67,262.80,273.00,255.20,261.80,261.55,"7,165.00",268.10,"1,873,977.00",117,-6.3,17.8,-2.35,6.97,0.1,-,-,362.10,228.00,09_16_2022
HHL,31.9,262.80,273.00,255.20,261.80,261.55,"7,165.00",268.10,"1,873,977.00",117,-6.3,17.8,-2.35,6.97,0.1,-,-,362.10,228.00,09_17_2022
HHL,29.98,267.00,267.00,248.00,250.10,251.44,"12,680.00",261.80,"3,188,310.00",226,-11.7,19.0,-4.47,7.66,-0.54,-,-,362.10,228.00,09_18_2022
HHL,28.48,267.00,267.00,248.00,250.10,251.44,"12,680.00",261.80,"3,188,310.00",226,-11.7,19.0,-4.47,7.66,-0.54,-,-,362.10,228.00,09_19_2022
HHL,28.86,246.00,246.00,233.10,240.00,235.60,"9,508.00",250.10,"2,240,112.20",213,-10.1,12.9,-4.04,5.53,1.83,-,-,362.10,228.00,09_20_2022
HHL,23.51,242.00,251.70,237.30,239.00,240.23,"5,111.00",240.00,"1,227,817.00",154,-1.0,14.4,-0.42,6.07,-0.51,-,-,362.10,228.00,09_21_2022
HHL,26.35,235.00,247.00,225.40,232.50,232.67,"9,066.00",239.00,"2,109,361.00",151,-6.5,21.60,-2.72,9.58,-0.07,-,-,362.10,225.40,09_22_2022
HHL,33.25,216.10,218.90,215.00,215.20,216.32,"6,045.00",220.00,"1,307,675.30",115,-4.8,3.9,-2.18,1.81,-0.52,-,-,362.10,202.10,12_07_2022
